110933.19094061466
89089.87981184902
64985.1128861408
61129.28124548802
107427.82763588396
64595.50058537208
81605.59728029762
64392.54449579908
105292.30081003235
94537.32110977577
94427.99745816298
97666.05798791168
110371.69792629888
93500.54652808368
97080.25731940639
117495.64052246654
82964.14834595697
104775.84591885563
88822.05611546306
73651.72015785717
68932.52151861407
60349.43575411083
76668.20546698026
77709.48807787735
105467.72293964424
68691.79653527227
90085.8289234654
68691.79653527227
88371.88114889528
68818.15665873565
90722.55282356347
44531.51870481936
43235.18042590705
56916.193324550906
63421.38820740577
106564.94020183364
93213.6991460859
117357.26977227975
107549.00857282808
75215.86924824613
89415.84629376787
108253.9085694281
80683.60964571823
54470.59550617812
74479.99757553634
113669.33523730766
52972.64134238928
52721.74037791917
45615.978814881215
47669.99959631325
90923.45325701268
69252.39054691141
78088.6914934593
80732.01070199066
40550.24533611787
57074.0597479265
76880.54890203747
49438.081878213925
103424.94607652965
62122.94485998044
96597.97540975308
56138.209442180465
101749.68080845036
104951.2804613227
64599.15179740703
94346.79673217489
76531.78956436133
91466.11661965142
82719.32423112141
113063.90875372368
45656.5463482017
85676.48201947709
100360.71439379889
66834.09790976085
114622.93468558363
69786.37588210251
56346.36483686103
84030.00350529722
45333.28756493411
88828.61643879197
64487.6802705453
58227.19803395464
68759.50388175358
96772.27281140293
38040.75126671507
84280.17639311412
80624.82762468315
106528.00607972518
66770.00202418382
89594.65190259358
44169.68608215349
68923.18519366768
62750.376982767484
55853.476456564305
87046.39123209532
96931.80641808636
98360.07544255962
34873.465718879335
94990.94584995527
58043.01982856301
84458.32484420972
94087.53441980733
68677.13121645886
76565.86665644437
91592.55124883015
80476.03649021566
60292.76367048995
91569.48647325081
40381.201567552394
77273.48828207162
74588.72784424575
56607.997779278376
53681.55859698281
75791.2696143063
86303.3390186996
83093.54570018976
59581.25784368475
89075.98444736742
60357.901749012395
89940.6065340841
60090.603606556666
47509.835184873446
86619.15295328663
43437.404356725245
49769.91730271476
67315.5221986932
79855.32033265219
76452.28860740078
80699.89601404972
78367.69208462334
126045.94556252302
94232.34641577551
116092.01528982843
80716.63992925182
62775.41853502483
105964.73221880863
83110.60731183442
105801.61229507829
44223.39527299268
35546.94155525877
114681.85804219099
43135.88894111415
79245.26271135893
67094.31034204649
103101.50293924988
42812.25091696958
47330.41642606157
43099.83095181014
59157.24757177343
69426.74177366403
99262.80169814915
65578.44631147692
68452.12447174416
59005.70094620994
85550.31992942185
102893.92277558746
92510.31668738449
51700.21320717765
89333.44764890599
59880.203793379886
77652.75938979998
81713.77053776996
53951.53904300334
64417.05864630901
47940.059890632365
85663.12678973546
88955.03721960026
92811.05881129272
39352.12308060181
40677.56991436568
68627.29888834247
43290.82012661661
64433.58919498372
110479.2759764696
82254.95196042744
100080.3627121609
55811.0431255236
45732.638920295256
68667.85786332552
105214.47083537364
51323.88039437301
105307.63733196082
59552.153319670324
46410.44466125821
65299.270412585814
79944.55409305617
60328.25366227152
87441.3692034468
88627.25964729786
71271.31084696742
83378.14488413047
53622.114718182114
82386.24432051857
76684.18239047144
45496.96877991709
73844.34576140589
77842.45580839706
80082.0952744672
73896.2373247094
57756.623777563174
103692.50144485799
93486.74081497824
42191.85128387476
43965.247858717645
55029.60819195929
99768.83897982146
104636.10184462769
97062.53851818768
64029.10908002727
97136.09695114884
74247.34289254715
113913.27017862552
71040.76671824073
70332.14538469192
52688.800040781265
103400.52140025925
41513.315967731425
111775.44432712314
63816.68845945085
52699.71309415266
77390.17931766411
52218.727397903516
70326.61754410897
88007.20470406766
85300.9830542548
76549.87071984627
80435.52824588906
71663.02576553276
49154.155202086804
68691.79653527227
67720.86887643489
39332.012329619254
100465.80428185321
70663.705671828
61944.578495012334
86710.83924327421
75115.93394090649
54498.12974897927
101658.37784882399
92239.22370338159
108846.63381917869
94346.39700496038
91756.73246686405
109913.17348160253
103549.15994763824
90837.23828477366
46152.74358857167
112642.29854824758
71526.3957426757
94828.93505082844
103473.51480314239
108681.39877448282
84133.10543079725
100409.08596348649
97372.91800047834
89628.93078507963
109268.23200034174
80445.74793603033
103350.23314713343
90603.30796010549
47912.97457318965
88195.60810155146
56975.71730515337
99857.82522101248
70194.97311016195
101313.87197088552
57037.162833518036
57877.592311938264
90251.6152793195
86368.31135393638
62255.65804006995
74589.74471535187
54427.07134589306
56750.76117275999
60160.3801624362
50094.798379744585
92196.039180269
82130.41571543188
80598.71553979251
106218.51743221612
76048.78104488159
45349.88127924689
59758.126879481875
91523.420972599
87024.46592896536
74770.27347492824
113044.9369972001
46061.95016114984
47069.785212362185
80273.5042740463
100771.53216121563
42834.29610113751
55202.735818213325
50902.25058725911
70474.37359155885
43102.56134027808
60871.9693037165
70356.56335254165
39304.96512584372
73807.4222229057
91582.94520639493
135098.99540313802
67034.26973368674
109345.05944031877
101178.47859917075
88392.80155428467
112851.71826911169
59669.552772696894
96757.80922786373
88049.08104916458
77681.00002946748
68691.79653527227
99927.64520331474
82749.52160559414
99022.13547807591
46416.370989544586
95182.89966857938
82238.95790741695
74589.79848541338
117105.99063839352
79850.66669342795
77431.78954456322
100805.91726003808
62803.53030218374
93200.63250013856
97896.61751556867
100867.6942698777
87201.44495951405
48513.91730250452
66333.5568526641
73929.50879484018
65955.61170138318
62821.603374047794
112377.27151230676
49816.99706491976
101142.8286606157
43323.37896551733
56972.03571949947
49712.98023362116
92213.32509288676
87969.3792012317
106965.34945126933
76025.03688941566
69595.21570676503
58563.567808702035
101256.23155415177
51619.61316791594
65265.42581862939
42769.5151873
92477.99915904351
44966.61750676829
44420.12856751977
69746.9718588289
109993.48315934725
68863.11300752361
87575.55139852918
94886.06290583711
84081.90855793591
86213.94585007922
70643.57117492493
46888.06184549215
42052.491899336994
92285.36587755191
49371.668764407055
93392.69093545912
107041.07188681449
39553.34114786696
92493.11535738743
56017.631919079424
94442.42691603488
124267.1395208391
91308.69435902123
91099.5514290336
78906.88466668251
64214.80099991493
49673.71749153116
61517.99116064914
107963.93650632697
41929.57767914389
90328.34540186061
99637.34188653095
91181.77754287324
111646.6510583288
108484.3398293048
100331.79390281036
107014.18044150429
50253.47509374219
48658.3945150441
106628.3791049099
82032.27398491211
90978.74740326394
82195.36178546856
85949.87734040788
68732.50822896033
52305.21447914344
47924.84646039068
43993.45280141801
56094.92600896948
48186.90193981779
90274.659268451
96633.66041158473
112334.54536482462
89689.14362604677
79089.83451819854
65491.434189860054
41088.30970281042
92060.06010694108
71193.36802447615
46288.81895004612
39603.792147588516
102946.5323561496
55626.296048831064
88046.69849769706
89419.18393824254
84241.1100363585
46738.864491669556
64655.87171999982
52563.53091043092
92966.74405632574
95786.76671827868
65160.223778197505
87255.06355450496
40207.10396454344
92145.32542127484
88843.8325860954
46246.376281995486
92783.22147990756
89200.27522396638
107380.84640520837
53387.26921218853
107364.55389504683
70856.67290756945
105048.01562184493
112488.58798966513
99708.00696586313
71265.71631066072
44345.64501361049
69621.02630934033
98071.45050592559
106014.44853876157
52065.25592200956
52780.547950008986
123181.66956369724
48621.37258081067
56999.70967715751
63096.05517154719
109961.33055323373
70472.73640268264
101596.53470015041
72877.03018057253
57264.32668490647
38400.86244833644
86143.86721793709
47350.79593816512
108722.25113669643
80865.5069870823
104735.95192269192
51341.76948186108
66273.04995753254
47423.90048848813
58658.019510844395
63337.761704803044
40166.49933293
74345.26959256725
78532.42444452942
38211.21084677221
51452.67255900478
83043.00778981787
112477.6767609691
64208.06583174018
62238.62050675743
89986.00019590782
78496.01211455041
43179.9968320526
79150.59730726165
103306.8707404539
104475.30890304725
55308.79240385699
69506.3413372894
65715.35158042717
56956.516464191955
53506.206492697274
64283.30510327983
104740.92106120358
89458.90032123911
72642.73013755173
96259.05149863656
103182.47450826361
45164.7592002376
72089.85907865233
74738.50429288682
60315.22808430614
97457.74472166375
64050.34681716209
65280.649416902765
96624.51365984954
54433.15933181739
107937.78815013639
103906.30497528733
49969.5483198032
42171.43783430997
38430.92816452637
89173.63374338456
75024.62416625085
96912.49149570815
68818.15665873565
57199.372991286946
99742.21481122721
103446.31893147952
65819.34596255106
106771.4827570987
95992.82286484765
95383.78053091126
85280.32809074807
111488.34016115563
91893.37405441518
43925.33380476195
96199.14628031354
81090.82634207979
89765.38980316847
91637.74932350974
96716.62303702199
83620.04383324242
69921.73712806805
58646.47920904273
87735.38615150566
67880.28890500944
50335.40581435521
96897.66497817166
99214.75627590237
48114.20854611077
105883.92067720923
106763.03000803503
38841.535283292375
77341.88051551495
59294.11248299651
48193.24359292945
78891.56169338459
64283.75247212772
80161.103495417
89014.2718749508
83799.45106736479
68448.1012944045
48386.60634909272
111911.13631145174
65015.27905868186
76275.04006333023
136243.4335921976
88747.4400938688
110277.32521139704
108646.41751024681
75237.66333469028
96961.08117733043
95992.56834783421
66192.70930408256
97793.7294566933
57908.753695319945
69278.95121204738
45070.839959515266
44778.00402605348
81911.9767090072
69758.52792697767
41821.5394035396
83085.82777906998
107648.33793587438
111143.83512568522
77940.4921099632
38016.78142116911
116044.01110144524
80459.41200277464
111668.11538832236
79014.15404938697
40207.15129313012
105738.5057974576
63898.12588359333
97605.18631135445
92714.83890581431
77082.51280422407
115206.33650707667
64849.178930493035
93029.47781856477
97648.62773477427
108458.74829749843
101502.06559753255
45874.41567951656
76149.00220262104
99503.33859235454
60501.07848383952
83933.44641503271
103673.85611761945
99129.61796927283
48515.929437576015
56078.504150715846
88808.82771748076
53655.26432062757
114062.45422692799
60123.53069638103
41508.9142630427
34894.124439857966
75202.96146751835
77292.75956280873
85053.73289077207
45346.85022238574
49068.220790408915
103351.75628834989
106073.36333098022
98327.72217711374
95689.0343855687
59364.26705960482
53867.3389472932
70843.44884231484
92026.98897237761
44092.72618754771
64936.303396300136
46972.38246846503
55721.07755958547
99757.11327916
102561.2623088153
67638.75445819352
72569.8208834183
86144.91394633801
102233.62823614938
51099.4012672892
83443.00151178044
74116.05435127925
81493.74419067186
44181.34177753483
99048.85923078413
65006.91131176062
89381.14389727288
74833.64063072244
65739.34065736805
79550.07529701098
82463.71896877348
37972.683549147325
60374.43567618097
62192.854761196526
116749.03525740704
39104.81153637485
115912.58496861171
60588.871246275165
49619.5609117885
77937.32509989671
67823.13576870975
86248.45161804461
47303.99243173189
40125.94608258929
63401.07452272651
43278.66535561927
93591.58979949972
93307.70493921392
58576.03984153394
62762.042891003824
54637.28243648321
63130.38159048056
112751.61937129311
68431.0732142816
51338.31472408154
88802.66176312628
51722.76959395952
73520.66309886651
86244.9317176284
39105.66085973065
42938.184952815485
70680.22029294584
89338.2835210466
68846.35223701566
100114.51691073716
69948.8342468437
53284.96698614928
89288.10489416041
104635.09649861882
63660.18015969088
51290.695298181185
63726.02092464991
54593.174291716736
82217.21023583655
79675.64038280952
96602.59087653126
32831.49957728781
116729.72028253005
49565.473149872974
98578.21489057607
47115.10562293323
105381.90162334207
51187.37303758889
75766.17412003872
69059.09927219263
67226.32897348743
44242.04964917283
41961.07082290337
67815.39621907192
44938.804068887155
107710.31627287815
57003.92122866875
109847.77615045493
62464.231760010895
107488.09955800294
74410.52590799314
91468.51703560525
70780.4071825839
51636.61318305283
52544.42987480197
68073.35468104531
42960.249365593365
41514.55074263497
102293.62309607827
41435.63422186087
55695.543310027024
90949.10048768393
94812.50296176241
83290.46816258
43843.36584004717
83277.60989751465
64512.173108927556
59732.90492284835
61501.66941204437
40002.373107524094
130339.00943984321
90527.96622351445
82117.06408337259
